image0: tensor([[[0.2314, 0.2118, 0.2431,  ..., 0.2510, 0.2353, 0.2275],
         [0.2314, 0.2275, 0.2078,  ..., 0.2627, 0.2314, 0.2392],
         [0.2078, 0.2392, 0.2275,  ..., 0.2431, 0.2549, 0.2314],
         ...,
         [0.0706, 0.0549, 0.0588,  ..., 0.0706, 0.0510, 0.0549],
         [0.0824, 0.0706, 0.0627,  ..., 0.0706, 0.0745, 0.0706],
         [0.0863, 0.0784, 0.0706,  ..., 0.0745, 0.0627, 0.0549]],

        [[0.3490, 0.3490, 0.4000,  ..., 0.3882, 0.3882, 0.3882],
         [0.3529, 0.3608, 0.3725,  ..., 0.4000, 0.3843, 0.4000],
         [0.3216, 0.3725, 0.3922,  ..., 0.3765, 0.3961, 0.3843],
         ...,
         [0.0863, 0.0706, 0.0706,  ..., 0.0745, 0.0549, 0.0588],
         [0.0863, 0.0745, 0.0745,  ..., 0.0745, 0.0784, 0.0745],
         [0.0902, 0.0824, 0.0824,  ..., 0.0784, 0.0667, 0.0588]],

        [[0.6235, 0.6000, 0.6314,  ..., 0.6549, 0.6196, 0.6000],
         [0.6157, 0.6118, 0.6000,  ..., 0.6588, 0.6157, 0.6196],
         [0.5804, 0.6196, 0.6275,  ..., 0.6157, 0.6314, 0.6157],
         ...,
         [0.0980, 0.0824, 0.0902,  ..., 0.0824, 0.0706, 0.0745],
         [0.1020, 0.0902, 0.0941,  ..., 0.0824, 0.0941, 0.0902],
         [0.1059, 0.0980, 0.1020,  ..., 0.0863, 0.0824, 0.0745]]])
image1: tensor([[[0.1647, 0.2157, 0.2157,  ..., 0.0157, 0.0157, 0.0118],
         [0.1137, 0.2000, 0.1961,  ..., 0.0196, 0.0157, 0.0000],
         [0.0510, 0.1294, 0.1882,  ..., 0.0157, 0.0314, 0.0431],
         ...,
         [0.0588, 0.0510, 0.0588,  ..., 0.1059, 0.1020, 0.0902],
         [0.0510, 0.0549, 0.0706,  ..., 0.0824, 0.0863, 0.0824],
         [0.0510, 0.0588, 0.0706,  ..., 0.0706, 0.0627, 0.0588]],

        [[0.2902, 0.3490, 0.3686,  ..., 0.0549, 0.0353, 0.0275],
         [0.2196, 0.3176, 0.3333,  ..., 0.0392, 0.0235, 0.0078],
         [0.1137, 0.2039, 0.3020,  ..., 0.0196, 0.0275, 0.0275],
         ...,
         [0.0627, 0.0549, 0.0627,  ..., 0.1137, 0.1098, 0.0980],
         [0.0549, 0.0588, 0.0745,  ..., 0.0902, 0.0941, 0.0902],
         [0.0549, 0.0627, 0.0745,  ..., 0.0784, 0.0706, 0.0667]],

        [[0.5137, 0.5882, 0.6314,  ..., 0.0196, 0.0196, 0.0235],
         [0.4039, 0.5294, 0.6000,  ..., 0.0118, 0.0118, 0.0000],
         [0.2118, 0.3608, 0.5765,  ..., 0.0000, 0.0118, 0.0157],
         ...,
         [0.0706, 0.0627, 0.0784,  ..., 0.1098, 0.1059, 0.0941],
         [0.0627, 0.0667, 0.0902,  ..., 0.0863, 0.0824, 0.0784],
         [0.0627, 0.0706, 0.0902,  ..., 0.0745, 0.0588, 0.0549]]])
feats0: {'keypoints': tensor([[[823., 245.],
         [808., 164.],
         [339., 224.],
         [971., 253.],
         [653., 111.],
         [751., 262.],
         [502., 224.],
         [918., 335.],
         [867., 141.],
         [824., 378.],
         [516., 111.],
         [894., 216.],
         [517., 224.],
         [665., 223.],
         [577., 123.],
         [530., 280.],
         [592., 111.],
         [240.,  52.],
         [267., 265.],
         [467., 467.]]]), 'keypoint_scores': tensor([[0.8574, 0.8241, 0.7642, 0.7503, 0.7490, 0.7345, 0.7304, 0.7290, 0.7284,
         0.7245, 0.7245, 0.7217, 0.7175, 0.7170, 0.7107, 0.7107, 0.7078, 0.7059,
         0.7052, 0.7036]]), 'descriptors': tensor([[[-0.0539, -0.1120, -0.1206,  ..., -0.0705, -0.1305,  0.0336],
         [-0.0702, -0.1363, -0.1402,  ..., -0.0751, -0.1303, -0.0186],
         [-0.0141, -0.0419,  0.0121,  ..., -0.0102, -0.0307,  0.0325],
         ...,
         [ 0.0473,  0.0294, -0.0717,  ...,  0.0419,  0.0652,  0.0626],
         [-0.0438, -0.0084, -0.0936,  ...,  0.0064, -0.0356, -0.1308],
         [-0.0343,  0.0799, -0.0489,  ...,  0.0180, -0.0454, -0.0410]]]), 'image_size': tensor([[1024.,  682.]])}
feats1: {'keypoints': tensor([[[496.,  93.],
         [ 80.,  35.],
         [104., 173.],
         [817., 152.],
         [903., 253.],
         [600., 212.],
         [ 70., 259.],
         [673., 106.],
         [592., 106.],
         [ 56., 377.],
         [137., 337.],
         [334.,  94.],
         [688., 366.],
         [ 99., 142.],
         [658., 106.],
         [922., 330.],
         [566., 301.],
         [169., 174.],
         [567., 278.],
         [543., 326.]]]), 'keypoint_scores': tensor([[0.8135, 0.7681, 0.7540, 0.7507, 0.7495, 0.7462, 0.7337, 0.7332, 0.7219,
         0.7139, 0.7077, 0.7001, 0.6975, 0.6922, 0.6906, 0.6871, 0.6825, 0.6774,
         0.6771, 0.6749]]), 'descriptors': tensor([[[-0.0633, -0.0088,  0.0086,  ...,  0.0491, -0.0267, -0.0647],
         [ 0.1061, -0.1244, -0.0646,  ..., -0.0079,  0.0089,  0.1128],
         [-0.1213,  0.0186, -0.0490,  ...,  0.0459, -0.0563, -0.0050],
         ...,
         [-0.0875,  0.0848, -0.0589,  ...,  0.0575, -0.0536,  0.0321],
         [ 0.0115,  0.0420,  0.0094,  ...,  0.0154, -0.0400,  0.0313],
         [ 0.0353,  0.1041, -0.0319,  ..., -0.0335,  0.0697,  0.0159]]]), 'image_size': tensor([[1024.,  682.]])}
matches01: {'matches0': tensor([[-1, -1, -1, -1,  0, -1, -1, -1,  3,  4,  8, -1,  5, -1, -1, -1, -1, -1,
         -1, -1]]), 'matches1': tensor([[ 4, -1, -1,  8,  9, 12, -1, -1, 10, -1, -1, -1, -1, -1, -1, -1, -1, -1,
         -1, -1]]), 'matching_scores0': tensor([[0.0000e+00, 0.0000e+00, 0.0000e+00, 0.0000e+00, 9.0762e-01, 0.0000e+00,
         0.0000e+00, 0.0000e+00, 1.9470e-01, 1.2130e-01, 7.4244e-01, 2.7821e-02,
         1.1082e-01, 5.9506e-04, 2.9283e-02, 0.0000e+00, 0.0000e+00, 0.0000e+00,
         0.0000e+00, 9.8382e-02]]), 'matching_scores1': tensor([[9.0762e-01, 0.0000e+00, 0.0000e+00, 1.9470e-01, 1.2130e-01, 1.1082e-01,
         0.0000e+00, 0.0000e+00, 7.4244e-01, 0.0000e+00, 5.9506e-04, 0.0000e+00,
         9.8382e-02, 0.0000e+00, 2.9283e-02, 2.7821e-02, 0.0000e+00, 0.0000e+00,
         0.0000e+00, 0.0000e+00]]), 'stop': 2, 'matches': [tensor([[ 4,  0],
        [ 8,  3],
        [ 9,  4],
        [10,  8],
        [12,  5]])], 'scores': [tensor([0.9076, 0.1947, 0.1213, 0.7424, 0.1108])], 'prune0': tensor([[2, 2, 2, 2, 2, 2, 2, 2, 2, 2, 2, 2, 2, 2, 2, 2, 2, 2, 2, 2]]), 'prune1': tensor([[2, 2, 2, 2, 2, 2, 2, 2, 2, 2, 2, 2, 2, 2, 2, 2, 2, 2, 2, 2]])}
feats0 après suppression: {'keypoints': tensor([[823., 245.],
        [808., 164.],
        [339., 224.],
        [971., 253.],
        [653., 111.],
        [751., 262.],
        [502., 224.],
        [918., 335.],
        [867., 141.],
        [824., 378.],
        [516., 111.],
        [894., 216.],
        [517., 224.],
        [665., 223.],
        [577., 123.],
        [530., 280.],
        [592., 111.],
        [240.,  52.],
        [267., 265.],
        [467., 467.]]), 'keypoint_scores': tensor([0.8574, 0.8241, 0.7642, 0.7503, 0.7490, 0.7345, 0.7304, 0.7290, 0.7284,
        0.7245, 0.7245, 0.7217, 0.7175, 0.7170, 0.7107, 0.7107, 0.7078, 0.7059,
        0.7052, 0.7036]), 'descriptors': tensor([[-0.0539, -0.1120, -0.1206,  ..., -0.0705, -0.1305,  0.0336],
        [-0.0702, -0.1363, -0.1402,  ..., -0.0751, -0.1303, -0.0186],
        [-0.0141, -0.0419,  0.0121,  ..., -0.0102, -0.0307,  0.0325],
        ...,
        [ 0.0473,  0.0294, -0.0717,  ...,  0.0419,  0.0652,  0.0626],
        [-0.0438, -0.0084, -0.0936,  ...,  0.0064, -0.0356, -0.1308],
        [-0.0343,  0.0799, -0.0489,  ...,  0.0180, -0.0454, -0.0410]]), 'image_size': tensor([1024.,  682.])}
feats1 après suppression: {'keypoints': tensor([[496.,  93.],
        [ 80.,  35.],
        [104., 173.],
        [817., 152.],
        [903., 253.],
        [600., 212.],
        [ 70., 259.],
        [673., 106.],
        [592., 106.],
        [ 56., 377.],
        [137., 337.],
        [334.,  94.],
        [688., 366.],
        [ 99., 142.],
        [658., 106.],
        [922., 330.],
        [566., 301.],
        [169., 174.],
        [567., 278.],
        [543., 326.]]), 'keypoint_scores': tensor([0.8135, 0.7681, 0.7540, 0.7507, 0.7495, 0.7462, 0.7337, 0.7332, 0.7219,
        0.7139, 0.7077, 0.7001, 0.6975, 0.6922, 0.6906, 0.6871, 0.6825, 0.6774,
        0.6771, 0.6749]), 'descriptors': tensor([[-0.0633, -0.0088,  0.0086,  ...,  0.0491, -0.0267, -0.0647],
        [ 0.1061, -0.1244, -0.0646,  ..., -0.0079,  0.0089,  0.1128],
        [-0.1213,  0.0186, -0.0490,  ...,  0.0459, -0.0563, -0.0050],
        ...,
        [-0.0875,  0.0848, -0.0589,  ...,  0.0575, -0.0536,  0.0321],
        [ 0.0115,  0.0420,  0.0094,  ...,  0.0154, -0.0400,  0.0313],
        [ 0.0353,  0.1041, -0.0319,  ..., -0.0335,  0.0697,  0.0159]]), 'image_size': tensor([1024.,  682.])}
matches01 après suppression: {'matches0': tensor([-1, -1, -1, -1,  0, -1, -1, -1,  3,  4,  8, -1,  5, -1, -1, -1, -1, -1,
        -1, -1]), 'matches1': tensor([ 4, -1, -1,  8,  9, 12, -1, -1, 10, -1, -1, -1, -1, -1, -1, -1, -1, -1,
        -1, -1]), 'matching_scores0': tensor([0.0000e+00, 0.0000e+00, 0.0000e+00, 0.0000e+00, 9.0762e-01, 0.0000e+00,
        0.0000e+00, 0.0000e+00, 1.9470e-01, 1.2130e-01, 7.4244e-01, 2.7821e-02,
        1.1082e-01, 5.9506e-04, 2.9283e-02, 0.0000e+00, 0.0000e+00, 0.0000e+00,
        0.0000e+00, 9.8382e-02]), 'matching_scores1': tensor([9.0762e-01, 0.0000e+00, 0.0000e+00, 1.9470e-01, 1.2130e-01, 1.1082e-01,
        0.0000e+00, 0.0000e+00, 7.4244e-01, 0.0000e+00, 5.9506e-04, 0.0000e+00,
        9.8382e-02, 0.0000e+00, 2.9283e-02, 2.7821e-02, 0.0000e+00, 0.0000e+00,
        0.0000e+00, 0.0000e+00]), 'stop': 2, 'matches': tensor([[ 4,  0],
        [ 8,  3],
        [ 9,  4],
        [10,  8],
        [12,  5]]), 'scores': tensor([0.9076, 0.1947, 0.1213, 0.7424, 0.1108]), 'prune0': tensor([2, 2, 2, 2, 2, 2, 2, 2, 2, 2, 2, 2, 2, 2, 2, 2, 2, 2, 2, 2]), 'prune1': tensor([2, 2, 2, 2, 2, 2, 2, 2, 2, 2, 2, 2, 2, 2, 2, 2, 2, 2, 2, 2])}
kpts0 (Keypoints image0): tensor([[823., 245.],
        [808., 164.],
        [339., 224.],
        [971., 253.],
        [653., 111.],
        [751., 262.],
        [502., 224.],
        [918., 335.],
        [867., 141.],
        [824., 378.],
        [516., 111.],
        [894., 216.],
        [517., 224.],
        [665., 223.],
        [577., 123.],
        [530., 280.],
        [592., 111.],
        [240.,  52.],
        [267., 265.],
        [467., 467.]])
kpts1 (Keypoints image1): tensor([[496.,  93.],
        [ 80.,  35.],
        [104., 173.],
        [817., 152.],
        [903., 253.],
        [600., 212.],
        [ 70., 259.],
        [673., 106.],
        [592., 106.],
        [ 56., 377.],
        [137., 337.],
        [334.,  94.],
        [688., 366.],
        [ 99., 142.],
        [658., 106.],
        [922., 330.],
        [566., 301.],
        [169., 174.],
        [567., 278.],
        [543., 326.]])
matches après extraction des points clés: tensor([[ 4,  0],
        [ 8,  3],
        [ 9,  4],
        [10,  8],
        [12,  5]])
m_kpts0 (Keypoints appariés image0): tensor([[653., 111.],
        [867., 141.],
        [824., 378.],
        [516., 111.],
        [517., 224.]])
m_kpts1 (Keypoints appariés image1): tensor([[496.,  93.],
        [817., 152.],
        [903., 253.],
        [592., 106.],
        [600., 212.]])
axes (Axes des images): None
kpc0 (Prune0): [[0.  0.2 1.  1. ]
 [0.  0.2 1.  1. ]
 [0.  0.2 1.  1. ]
 [0.  0.2 1.  1. ]
 [0.  0.2 1.  1. ]
 [0.  0.2 1.  1. ]
 [0.  0.2 1.  1. ]
 [0.  0.2 1.  1. ]
 [0.  0.2 1.  1. ]
 [0.  0.2 1.  1. ]
 [0.  0.2 1.  1. ]
 [0.  0.2 1.  1. ]
 [0.  0.2 1.  1. ]
 [0.  0.2 1.  1. ]
 [0.  0.2 1.  1. ]
 [0.  0.2 1.  1. ]
 [0.  0.2 1.  1. ]
 [0.  0.2 1.  1. ]
 [0.  0.2 1.  1. ]
 [0.  0.2 1.  1. ]]
kpc1 (Prune1): [[0.  0.2 1.  1. ]
 [0.  0.2 1.  1. ]
 [0.  0.2 1.  1. ]
 [0.  0.2 1.  1. ]
 [0.  0.2 1.  1. ]
 [0.  0.2 1.  1. ]
 [0.  0.2 1.  1. ]
 [0.  0.2 1.  1. ]
 [0.  0.2 1.  1. ]
 [0.  0.2 1.  1. ]
 [0.  0.2 1.  1. ]
 [0.  0.2 1.  1. ]
 [0.  0.2 1.  1. ]
 [0.  0.2 1.  1. ]
 [0.  0.2 1.  1. ]
 [0.  0.2 1.  1. ]
 [0.  0.2 1.  1. ]
 [0.  0.2 1.  1. ]
 [0.  0.2 1.  1. ]
 [0.  0.2 1.  1. ]]

